# relative_time, cycles_done, cur_item, corpus_count, pending_total, pending_favs, map_size, saved_crashes, saved_hangs, max_depth, execs_per_sec, total_execs, edges_found
61, 49, 8, 9, 0, 0, 42.22%, 0, 0, 4, 13107.81, 787352, 19
66, 53, 8, 9, 0, 0, 42.22%, 0, 0, 4, 12824.34, 852701, 19
71, 57, 8, 9, 0, 0, 42.22%, 0, 0, 4, 12876.21, 920139, 19
76, 61, 8, 9, 0, 0, 42.22%, 0, 0, 4, 12801.23, 986465, 19
81, 64, 8, 9, 0, 0, 42.22%, 0, 0, 4, 13079.37, 1053537, 19
87, 67, 8, 9, 0, 0, 42.22%, 0, 0, 4, 12968.60, 1120044, 19
92, 71, 7, 9, 0, 0, 42.22%, 0, 0, 4, 13112.74, 1186992, 19
97, 74, 3, 9, 0, 0, 42.22%, 0, 0, 4, 12951.53, 1251212, 19
102, 78, 8, 9, 0, 0, 42.22%, 0, 0, 4, 13180.10, 1319113, 19
107, 82, 7, 9, 0, 0, 42.22%, 0, 0, 4, 12828.39, 1384793, 19
112, 86, 7, 9, 0, 0, 42.22%, 0, 0, 4, 12992.76, 1451390, 19
117, 90, 7, 9, 0, 0, 42.22%, 0, 0, 4, 12856.24, 1517455, 19
122, 94, 8, 9, 0, 0, 42.22%, 0, 0, 4, 12903.69, 1584653, 19
128, 98, 7, 9, 0, 0, 42.22%, 0, 0, 4, 12656.38, 1649729, 19
133, 101, 7, 9, 0, 0, 42.22%, 0, 0, 4, 12716.27, 1715504, 19
187, 104, 7, 9, 0, 0, 42.22%, 0, 0, 4, 0.02, 1761797, 19
192, 108, 8, 9, 0, 0, 42.22%, 0, 0, 4, 12830.77, 1826860, 19
247, 110, 7, 9, 0, 0, 42.22%, 0, 0, 4, 0.02, 1864790, 19
252, 114, 7, 9, 0, 0, 42.22%, 0, 0, 4, 12539.54, 1931211, 19
301, 116, 8, 9, 0, 0, 42.22%, 0, 0, 4, 0.04, 1968740, 19
306, 118, 8, 9, 0, 0, 42.22%, 0, 0, 4, 9928.77, 2013388, 19
311, 120, 8, 9, 0, 0, 42.22%, 0, 0, 4, 8680.07, 2055577, 19
316, 124, 7, 9, 0, 0, 42.22%, 0, 0, 4, 11179.55, 2115252, 19
321, 126, 7, 9, 0, 0, 42.22%, 0, 0, 4, 12037.51, 2176430, 19
326, 130, 7, 9, 0, 0, 42.22%, 0, 0, 4, 12697.88, 2242366, 19
331, 133, 7, 9, 0, 0, 42.22%, 0, 0, 4, 12781.60, 2308093, 19
337, 137, 8, 9, 0, 0, 42.22%, 0, 0, 4, 12900.92, 2375300, 19
342, 140, 8, 9, 0, 0, 42.22%, 0, 0, 4, 12712.00, 2440909, 19
347, 144, 8, 9, 0, 0, 42.22%, 0, 0, 4, 12860.15, 2508006, 19
352, 147, 7, 9, 0, 0, 42.22%, 0, 0, 4, 12831.94, 2573794, 19
357, 151, 7, 9, 0, 0, 42.22%, 0, 0, 4, 13053.99, 2639653, 19
362, 155, 7, 9, 0, 0, 42.22%, 0, 0, 4, 12865.71, 2705187, 19
367, 159, 8, 9, 0, 0, 42.22%, 0, 0, 4, 13097.85, 2772352, 19
373, 162, 8, 9, 0, 0, 42.22%, 0, 0, 4, 12814.79, 2836962, 19
378, 165, 7, 9, 0, 0, 42.22%, 0, 0, 4, 12871.63, 2904182, 19
383, 169, 3, 9, 0, 0, 42.22%, 0, 0, 4, 12878.79, 2970404, 19
388, 172, 4, 9, 0, 0, 42.22%, 0, 0, 4, 9448.65, 3020483, 19
393, 175, 7, 9, 0, 0, 42.22%, 0, 0, 4, 10358.44, 3074506, 19
398, 178, 8, 9, 0, 0, 42.22%, 0, 0, 4, 11331.32, 3131773, 19
403, 181, 7, 9, 0, 0, 42.22%, 0, 0, 4, 11500.35, 3194414, 19
409, 184, 8, 9, 0, 0, 42.22%, 0, 0, 4, 10195.09, 3241693, 19
414, 187, 7, 9, 0, 0, 42.22%, 0, 0, 4, 11713.17, 3301934, 19
419, 190, 8, 9, 0, 0, 42.22%, 0, 0, 4, 12613.38, 3367435, 19
424, 194, 8, 9, 0, 0, 42.22%, 0, 0, 4, 12688.48, 3432836, 19
429, 198, 7, 9, 0, 0, 42.22%, 0, 0, 4, 12947.48, 3499148, 19
434, 202, 8, 9, 0, 0, 42.22%, 0, 0, 4, 12746.25, 3564473, 19
439, 206, 8, 9, 0, 0, 42.22%, 0, 0, 4, 12977.66, 3631899, 19
444, 209, 7, 9, 0, 0, 42.22%, 0, 0, 4, 12696.57, 3696475, 19
450, 213, 8, 9, 0, 0, 42.22%, 0, 0, 4, 12930.75, 3763784, 19
454, 217, 8, 9, 0, 0, 42.22%, 0, 0, 4, 12325.85, 3821378, 19
